4294967278,133
4294967294,78
4294967294,77
4294967294,76
4294967294,75
4294967294,74
4294967294,73
4294967294,53
4294967294,52
4294967294,388
4294967294,416
4294967294,51
4294967294,49
4294967294,48
4294967294,47
4294967294,392
4294967294,393
4294967294,439
4294967294,45
4294967294,390
4294967294,953
4294967294,44
4294967294,424
4294967294,114
4294967294,115
4294967294,43
4294967294,42
4294967294,41
4294967294,40
4294967294,39
4294967294,38
4294967294,37
4294967294,36
4294967294,396
4294967294,395
4294967294,904
4294967294,409
4294967294,29
4294967294,923
4294967294,399
4294967294,948
4294967294,414
4294967294,906
4294967294,418
4294967294,28
4294967294,178
4294967294,407
4294967294,420
4294967294,385
4294967294,179
4294967294,27
4294967294,954
4294967294,419
4294967294,411
4294967294,167
4294967294,914
4294967294,26
4294967294,464
4294967294,397
4294967294,448
4294967294,449
4294967294,402
4294967294,109
4294967294,112
4294967294,25
4294967294,165
4294967294,166
4294967294,394
4294967294,24
4294967294,17
4294967294,16
4294967294,15
4294967294,96
4294967294,95
4294967294,94
4294967294,89
4294967294,93
4294967294,69
4294967294,68
4294967294,46
4294967294,67
4294967294,346
4294967294,345
4294967294,344
4294967294,343
4294967294,342
4294967294,340
4294967294,341
4294967294,339
4294967294,338
4294967294,337
4294967294,336
4294967294,335
4294967294,334
4294967294,333
4294967294,332
4294967294,331
4294967294,330
4294967294,2
4294967294,1
4294967294,4
4294967294,0
0,0
4294967293,131
4294967293,130
4294967293,129
4294967293,128
4294967293,127
4294967293,126
4294967293,125
4294967293,124
4294967293,123
4294967293,122
4294967293,121
4294967293,120
4294967293,119
4294967293,118
4294967293,117
4294967293,116
4294967293,115
4294967293,114
4294967293,113
4294967293,112
4294967293,111
4294967293,110
4294967293,109
4294967293,108
4294967293,107
4294967293,106
4294967293,105
4294967293,104
4294967293,103
4294967293,102
4294967293,101
4294967293,100
4294967293,99
4294967293,98
4294967293,97
4294967293,96
4294967293,95
4294967293,94
4294967293,93
4294967293,92
4294967293,91
4294967293,90
4294967293,89
4294967293,88
4294967293,87
4294967293,86
4294967293,85
4294967293,84
4294967293,83
4294967293,82
4294967293,81
4294967293,80
4294967293,79
4294967293,78
4294967293,77
4294967293,76
4294967293,75
4294967293,74
4294967293,73
4294967293,72
4294967293,71
4294967293,70
4294967293,69
